4944.000000 0.000000 87.629371 986.818182 0.000000 0.000000 0.000000
136820.000000 0.000000 95.179021 993.381818 0.000000 0.000000 0.000000
242512.000000 0.000000 100.812587 998.703030 0.000000 0.000000 0.000000
348248.000000 0.000000 104.530070 1002.781818 0.000000 0.000000 0.000000
453996.000000 0.000000 106.331469 1005.618182 0.000000 0.000000 0.000000
559724.000000 0.000000 106.216783 1007.212121 0.000000 0.000000 0.000000
665404.000000 0.000000 102.995338 998.571096 0.000000 0.000000 0.000000
771136.000000 0.000000 96.799534 998.645688 0.000000 0.000000 0.000000
876880.000000 0.000000 93.641026 1006.335664 0.000000 0.000000 0.000000
985224.000000 0.000000 89.275058 1009.209790 0.000000 0.000000 0.000000
1090932.000000 0.000000 86.764569 1007.759907 0.000000 0.000000 0.000000
1196600.000000 0.000000 90.375291 1006.962704 0.000000 0.000000 0.000000
1302340.000000 0.000000 93.972028 1008.944056 0.000000 0.000000 0.000000
1408076.000000 0.000000 95.177156 1010.890443 0.000000 0.000000 0.000000
1513848.000000 0.000000 96.132867 1010.741259 0.000000 0.000000 0.000000
1619556.000000 0.000000 100.011655 1015.032634 0.000000 0.000000 0.000000
1727728.000000 0.000000 98.188811 1013.461538 0.000000 0.000000 0.000000
1833488.000000 0.000000 97.778555 1016.013986 0.000000 0.000000 0.000000
1939252.000000 0.000000 100.142191 1015.030303 0.000000 0.000000 0.000000
2044952.000000 0.000000 99.694639 1010.060606 0.000000 0.000000 0.000000
2150688.000000 0.000000 99.993007 1004.808858 0.000000 0.000000 0.000000
2256432.000000 0.000000 100.897436 1004.102564 0.000000 0.000000 0.000000
2362172.000000 0.000000 98.869464 1005.095571 0.000000 0.000000 0.000000
2467884.000000 0.000000 98.745921 1004.983683 0.000000 0.000000 0.000000
2576080.000000 0.000000 96.794872 1006.939394 0.000000 0.000000 0.000000
2681824.000000 0.000000 95.766900 1007.752914 0.000000 0.000000 0.000000
2787536.000000 0.000000 95.337995 1011.552448 0.000000 0.000000 0.000000
2893228.000000 0.000000 95.032634 1013.214452 0.000000 0.000000 0.000000
2998964.000000 0.000000 98.510490 1008.706294 0.000000 0.000000 0.000000
3104664.000000 0.000000 97.771562 1005.955711 0.000000 0.000000 0.000000
3210384.000000 0.000000 98.699301 1008.680653 0.000000 0.000000 0.000000
3316148.000000 0.000000 98.137529 1009.030303 0.000000 0.000000 0.000000
3424260.000000 0.000000 96.650350 1008.270396 0.000000 0.000000 0.000000
3530028.000000 0.000000 95.911422 1007.913753 0.000000 0.000000 0.000000
3635712.000000 0.000000 95.277389 1010.310023 0.000000 0.000000 0.000000
3741456.000000 0.000000 92.296037 1010.179487 0.000000 0.000000 0.000000
3847152.000000 0.000000 88.405594 1013.219114 0.000000 0.000000 0.000000
3952852.000000 0.000000 83.235431 1013.764569 0.000000 0.000000 0.000000
4058560.000000 0.000000 91.268065 1013.305361 0.000000 0.000000 0.000000
4164276.000000 0.000000 104.454545 1011.685315 0.000000 0.000000 0.000000
4272452.000000 0.000000 136.545455 1009.734266 0.000000 0.000000 0.000000
4378208.000000 0.000000 187.948718 998.459207 30.251748 0.000000 0.000000
4483980.000000 0.000000 260.344988 977.713287 42.662005 0.000000 0.000000
4589748.000000 0.000000 351.018648 947.326340 53.067599 0.000000 0.000000
4695508.000000 0.000000 459.452214 906.410256 62.937063 0.000000 0.000000
4801300.000000 0.000000 564.433566 842.641026 70.748252 0.000000 0.000000
4907060.000000 -66.965035 672.102564 760.729604 75.221445 0.000000 0.000000
5012820.000000 -74.710956 763.808858 661.090909 77.923077 0.000000 0.000000
5121032.000000 -77.317016 847.622378 543.787879 74.144522 0.000000 0.000000
5226816.000000 -80.291375 910.256410 421.333333 76.736597 0.000000 0.000000
5332596.000000 -75.191142 953.578089 278.447552 75.086247 0.000000 0.000000
5438356.000000 -69.801865 980.177156 137.547786 66.960373 0.000000 0.000000
5544064.000000 -67.582751 989.137529 0.000000 53.104895 0.000000 0.000000
5649844.000000 -67.328671 994.468531 -79.097902 36.568765 0.000000 0.000000
5755628.000000 -70.515152 994.235431 -143.888112 22.685315 0.000000 0.000000
5861380.000000 -73.713287 988.685315 -184.473193 0.000000 0.000000 0.000000
5969620.000000 -75.104895 991.687646 -195.564103 0.000000 0.000000 0.000000
6075376.000000 -75.843823 988.899767 -188.062937 0.000000 0.000000 0.000000
6181112.000000 -81.165501 991.920746 -170.291375 0.000000 0.000000 0.000000
6286884.000000 -86.272727 992.897436 -149.020979 0.000000 0.000000 0.000000
6392660.000000 -82.468531 992.438228 -148.146853 0.000000 0.000000 0.000000
6498336.000000 -84.822844 991.888112 -142.715618 0.000000 0.000000 0.000000
6604072.000000 -84.069930 990.755245 -140.517483 0.000000 0.000000 0.000000
6709784.000000 -83.498834 995.111888 -139.470862 0.000000 0.000000 0.000000
6817872.000000 -83.836830 995.466200 -139.491841 0.000000 0.000000 0.000000
6923592.000000 -82.755245 997.510490 -140.657343 0.000000 0.000000 0.000000
7029328.000000 -82.969697 998.717949 -140.135198 0.000000 0.000000 0.000000
7135080.000000 -81.529138 997.685315 -135.923077 0.000000 0.000000 0.000000
7240792.000000 -83.976690 997.832168 -134.242424 0.000000 0.000000 0.000000
7346524.000000 -85.557110 996.748252 -135.163170 0.000000 0.000000 0.000000
7452272.000000 -86.372960 996.734266 -132.193473 0.000000 0.000000 0.000000
7558020.000000 -89.759907 994.083916 -125.806527 0.000000 0.000000 0.000000
7666604.000000 -85.421911 996.230769 -132.580420 0.000000 0.000000 0.000000
7772384.000000 -84.074592 997.594406 -135.538462 0.000000 0.000000 0.000000
7878116.000000 -81.962704 997.463869 -137.016317 0.000000 0.000000 0.000000
7983864.000000 -79.955711 999.573427 -132.515152 0.000000 0.000000 0.000000
8089584.000000 -79.226107 1000.843823 -128.892774 0.000000 0.000000 0.000000
8195376.000000 -79.713287 1001.351981 -122.440559 0.000000 0.000000 0.000000
8301172.000000 -86.860140 1004.643357 -117.447552 0.000000 0.000000 0.000000
8409564.000000 -79.550117 1007.368298 -116.289044 0.000000 0.000000 0.000000
8515332.000000 -81.736597 1004.729604 -117.580420 0.000000 25.601399 0.000000
8621088.000000 -84.958042 1011.258741 -105.592075 0.000000 33.843823 0.000000
8726836.000000 -91.822844 1005.717949 -100.284382 0.000000 40.414918 0.000000
8832628.000000 -106.678322 1000.596737 -101.386946 0.000000 49.783217 0.000000
8938404.000000 -100.748252 999.738928 -110.282051 0.000000 55.745921 0.000000
9044196.000000 -87.198135 999.044289 -111.466200 0.000000 59.349650 0.000000
9149972.000000 -88.347319 993.237762 -106.874126 0.000000 61.976690 0.000000
9258340.000000 -90.146853 990.289044 -94.888112 0.000000 66.811189 0.000000
9364104.000000 -82.526807 993.948718 -81.051282 0.000000 70.923077 0.000000
9469880.000000 -76.540793 996.237762 -66.342657 0.000000 72.419580 0.000000
9575656.000000 -60.752914 996.433566 0.000000 0.000000 72.696970 0.000000
9681436.000000 0.000000 1009.587413 0.000000 0.000000 69.729604 0.000000
9787212.000000 0.000000 1006.545455 0.000000 0.000000 57.923077 0.000000
9892992.000000 0.000000 1010.363636 0.000000 0.000000 46.790210 0.000000
9998772.000000 0.000000 1019.223776 -69.554779 0.000000 25.195804 0.000000
10107180.000000 71.079254 1024.426573 -85.368298 0.000000 0.000000 0.000000
10213600.000000 67.648019 1022.564103 -84.317016 0.000000 0.000000 0.000000
10319992.000000 0.000000 1019.489510 -69.149184 0.000000 0.000000 0.000000
10426420.000000 0.000000 1015.300699 0.000000 0.000000 0.000000 0.000000
10532828.000000 0.000000 1007.783217 0.000000 0.000000 0.000000 0.000000
10639416.000000 0.000000 1000.526807 0.000000 0.000000 0.000000 0.000000
10745836.000000 61.456876 999.997669 0.000000 0.000000 0.000000 0.000000
10852236.000000 73.368298 992.249417 0.000000 0.000000 0.000000 0.000000
10961248.000000 72.470862 989.766900 0.000000 0.000000 0.000000 0.000000
11067660.000000 73.368298 994.153846 0.000000 0.000000 0.000000 0.000000
11174048.000000 77.585082 1001.337995 0.000000 0.000000 0.000000 0.000000
11280372.000000 72.969697 1002.249417 0.000000 0.000000 0.000000 0.000000
11386720.000000 65.428904 1003.314685 0.000000 0.000000 0.000000 0.000000
11493080.000000 60.785548 1006.881119 0.000000 0.000000 0.000000 0.000000
11599488.000000 0.000000 1009.100233 0.000000 0.000000 0.000000 0.000000
11705820.000000 0.000000 1008.794872 0.000000 0.000000 0.000000 0.000000
11814776.000000 0.000000 1009.342657 0.000000 0.000000 0.000000 0.000000
11921116.000000 0.000000 1004.337995 0.000000 0.000000 0.000000 0.000000
12027512.000000 0.000000 1002.755245 0.000000 0.000000 0.000000 0.000000
12133856.000000 0.000000 1001.165501 0.000000 0.000000 0.000000 0.000000
12240184.000000 0.000000 1002.529138 0.000000 0.000000 0.000000 0.000000
12346576.000000 0.000000 1002.675991 0.000000 0.000000 0.000000 0.000000
12452956.000000 0.000000 1003.808858 0.000000 0.000000 0.000000 0.000000
12561920.000000 0.000000 1005.974359 0.000000 0.000000 0.000000 0.000000
12668300.000000 0.000000 1009.193473 0.000000 0.000000 0.000000 0.000000
12774648.000000 0.000000 1011.832168 0.000000 0.000000 0.000000 0.000000
12881016.000000 0.000000 1009.727273 0.000000 0.000000 0.000000 0.000000
12987388.000000 0.000000 1010.193473 0.000000 0.000000 0.000000 0.000000
13093768.000000 0.000000 1011.258741 0.000000 0.000000 0.000000 0.000000
13200088.000000 0.000000 1011.589744 0.000000 0.000000 0.000000 0.000000
13306468.000000 0.000000 1014.752914 0.000000 0.000000 0.000000 0.000000
13415372.000000 0.000000 1012.508159 0.000000 0.000000 0.000000 0.000000
13521744.000000 0.000000 1011.020979 0.000000 0.000000 0.000000 0.000000
13628088.000000 0.000000 1009.461538 0.000000 0.000000 0.000000 0.000000
13734336.000000 0.000000 1009.909091 0.000000 0.000000 0.000000 0.000000
13840704.000000 0.000000 1009.365967 0.000000 0.000000 0.000000 0.000000
13946992.000000 0.000000 1009.491841 0.000000 0.000000 0.000000 0.000000
14053328.000000 0.000000 1011.412587 0.000000 0.000000 0.000000 0.000000
14159704.000000 0.000000 1012.174825 0.000000 0.000000 0.000000 0.000000
14268864.000000 0.000000 1013.046620 0.000000 0.000000 0.000000 0.000000
14375248.000000 0.000000 1015.107226 0.000000 0.000000 0.000000 0.000000
14481592.000000 0.000000 1013.403263 0.000000 0.000000 0.000000 0.000000
14587952.000000 0.000000 1012.972028 0.000000 0.000000 0.000000 0.000000
14694324.000000 0.000000 1012.198135 0.000000 0.000000 0.000000 0.000000
14800724.000000 0.000000 1009.862471 0.000000 0.000000 0.000000 0.000000
14907120.000000 0.000000 1006.736597 0.000000 0.000000 0.000000 0.000000
15013452.000000 0.000000 1009.638695 0.000000 0.000000 0.000000 0.000000
15122396.000000 0.000000 1009.715618 0.000000 0.000000 0.000000 0.000000
15228784.000000 0.000000 1009.750583 0.000000 0.000000 0.000000 0.000000
15335128.000000 0.000000 1010.599068 0.000000 0.000000 0.000000 0.000000
15441500.000000 0.000000 1011.666667 0.000000 0.000000 0.000000 0.000000
15547880.000000 0.000000 1011.694639 0.000000 0.000000 0.000000 0.000000
15654228.000000 0.000000 1010.305361 0.000000 0.000000 0.000000 0.000000
15760600.000000 0.000000 1010.536131 0.000000 0.000000 0.000000 0.000000
15869588.000000 0.000000 1006.731935 0.000000 0.000000 0.000000 0.000000
15975920.000000 0.000000 1006.034965 0.000000 0.000000 0.000000 0.000000
16082256.000000 0.000000 1008.403263 0.000000 0.000000 0.000000 0.000000
16188588.000000 0.000000 1011.298368 0.000000 0.000000 0.000000 0.000000
16294952.000000 0.000000 1012.655012 0.000000 0.000000 0.000000 0.000000
16401328.000000 0.000000 1013.310023 0.000000 0.000000 0.000000 0.000000
16507628.000000 0.000000 1011.501166 0.000000 0.000000 0.000000 0.000000
16613996.000000 0.000000 1009.158508 0.000000 0.000000 0.000000 0.000000
16722912.000000 0.000000 1007.177156 0.000000 0.000000 0.000000 0.000000
16829292.000000 0.000000 1006.104895 0.000000 0.000000 0.000000 0.000000
16935700.000000 0.000000 1004.354312 0.000000 0.000000 0.000000 0.000000
17042076.000000 0.000000 1004.601399 0.000000 0.000000 0.000000 0.000000
17148436.000000 0.000000 1004.041958 0.000000 0.000000 0.000000 0.000000
17254788.000000 0.000000 1004.648019 0.000000 0.000000 0.000000 0.000000
17361128.000000 0.000000 1005.093240 0.000000 0.000000 0.000000 0.000000
17467436.000000 0.000000 1003.960373 0.000000 0.000000 0.000000 0.000000
17581472.000000 0.000000 1003.111888 0.000000 0.000000 0.000000 0.000000
17687804.000000 0.000000 1004.421911 0.000000 0.000000 0.000000 0.000000
17794164.000000 0.000000 1006.002331 0.000000 0.000000 0.000000 0.000000
17900468.000000 0.000000 1009.109557 0.000000 0.000000 0.000000 0.000000
18006812.000000 0.000000 1009.815851 0.000000 0.000000 0.000000 0.000000
18113228.000000 0.000000 1008.839161 0.000000 0.000000 0.000000 0.000000
18219568.000000 0.000000 1010.114219 0.000000 0.000000 0.000000 0.000000
18325912.000000 0.000000 1008.286713 0.000000 0.000000 0.000000 0.000000
18434892.000000 0.000000 1004.997669 0.000000 0.000000 0.000000 0.000000
18541284.000000 0.000000 1002.696970 0.000000 0.000000 0.000000 0.000000
18647656.000000 0.000000 1002.151515 0.000000 0.000000 0.000000 0.000000
18754024.000000 0.000000 1003.468531 0.000000 0.000000 0.000000 0.000000
18860344.000000 0.000000 1004.219114 0.000000 0.000000 0.000000 0.000000
18966756.000000 0.000000 1007.125874 0.000000 0.000000 0.000000 0.000000
19073112.000000 0.000000 1008.237762 0.000000 0.000000 0.000000 0.000000
19179444.000000 0.000000 1007.529138 0.000000 0.000000 0.000000 0.000000
19288420.000000 0.000000 1010.431235 0.000000 0.000000 0.000000 0.000000
19394728.000000 0.000000 1008.923077 0.000000 0.000000 0.000000 0.000000
19501016.000000 0.000000 1008.994406 0.000000 0.000000 0.000000 0.000000
19607328.000000 0.000000 1008.862937 0.000000 0.000000 0.000000 0.000000
19713696.000000 0.000000 1008.528671 0.000000 0.000000 0.000000 0.000000
19820044.000000 0.000000 1007.991608 0.000000 0.000000 0.000000 0.000000
19926384.000000 0.000000 1007.251748 0.000000 0.000000 0.000000 0.000000
