  4944.0    -13.0     91.0    958.0     -7.0      7.0      2.0
136820.0     17.0     92.0   1012.0     -3.0     -2.0     -3.0
242512.0     -7.0    102.0   1039.0     -1.0     -1.0     -2.0
348248.0    -17.0     93.0    996.0     -2.0      3.0     -1.0
453996.0    -10.0    106.0    995.0     -1.0     -2.0     -1.0
559724.0     -8.0    126.0    991.0     -4.0     -1.0     -1.0
665404.0    -19.0    112.0   1003.0      1.0      0.0      2.0
771136.0     -2.0     80.0   1004.0     -9.0     -5.0     -4.0
876880.0    -23.0     87.0   1002.0     -3.0      9.0      3.0
985224.0    -14.0    100.0   1023.0      4.0      0.0      2.0
1090932.0    -15.0     74.0    988.0      0.0      6.0      2.0
1196600.0    -21.0     88.0   1025.0      1.0      0.0      0.0
1302340.0    -16.0    105.0   1010.0      2.0      1.0     -3.0
1408076.0    -32.0     97.0   1000.0     -2.0      3.0      1.0
1513848.0    -11.0     96.0    998.0     -3.0     -1.0     -3.0
1619556.0    -43.0     98.0   1027.0     -1.0      0.0     -1.0
1727728.0    -12.0     92.0   1023.0     -2.0      1.0     -1.0
1833488.0    -10.0    104.0   1013.0     -2.0     -6.0     -2.0
1939252.0    -21.0     98.0   1009.0     -3.0     -2.0     -2.0
2044952.0    -16.0    102.0   1016.0      1.0      2.0      0.0
2150688.0    -29.0     96.0   1007.0     -1.0     -1.0     -1.0
2256432.0    -21.0    106.0   1002.0     -4.0      2.0      1.0
2362172.0    -19.0     99.0    995.0     -3.0      1.0     -1.0
2467884.0    -21.0     91.0   1002.0     -3.0      1.0      0.0
2576080.0    -24.0    104.0   1017.0     -1.0     -3.0     -1.0
2681824.0    -15.0     98.0   1011.0     -3.0     -2.0     -1.0
2787536.0    -19.0     90.0   1010.0     -2.0     -1.0      0.0
2893228.0    -19.0     97.0   1007.0     -1.0      0.0     -1.0
2998964.0     -2.0     92.0   1016.0     -3.0      0.0     -3.0
3104664.0     -6.0    100.0   1000.0     -2.0      0.0     -1.0
3210384.0    -10.0    103.0   1022.0      0.0     -5.0     -2.0
3316148.0     -4.0     95.0    997.0     -1.0      2.0      2.0
3424260.0      0.0    112.0    994.0     -3.0     -1.0     -1.0
3530028.0      6.0     82.0   1024.0     -4.0     -2.0     -2.0
3635712.0      3.0     93.0   1022.0     -1.0      0.0     -1.0
3741456.0     -5.0     91.0    998.0     -3.0     -1.0     -1.0
3847152.0    -13.0     99.0   1006.0      1.0      0.0      1.0
3952852.0     -1.0     98.0   1016.0      0.0     -1.0     -1.0
4058560.0    -10.0     99.0   1015.0      0.0     -2.0     -1.0
4164276.0     -1.0     89.0   1008.0      0.0     -2.0     -2.0
4272452.0      1.0    119.0   1006.0     18.0     -2.0     -3.0
4378208.0     -4.0    172.0   1003.0     34.0      4.0      2.0
4483980.0      4.0    268.0    983.0     33.0     11.0      3.0
4589748.0    -23.0    341.0    936.0     69.0      6.0      7.0
4695508.0    -42.0    465.0    914.0     65.0     10.0     -1.0
4801300.0    -52.0    566.0    844.0     67.0      5.0     -2.0
4907060.0    -79.0    669.0    765.0     70.0      3.0      1.0
5012820.0    -75.0    771.0    676.0     72.0     -2.0      1.0
5121032.0    -89.0    864.0    562.0     86.0     -5.0     -2.0
5226816.0    -75.0    896.0    398.0     81.0      6.0      4.0
5332596.0    -58.0    982.0    285.0     64.0     -2.0     -7.0
5438356.0    -74.0    964.0    146.0     64.0     -1.0     -5.0
5544064.0    -81.0   1010.0     23.0     55.0      0.0      2.0
5649844.0    -73.0    987.0    -64.0     64.0      7.0      4.0
5755628.0    -42.0    976.0   -241.0     17.0     -7.0    -11.0
5861380.0    -80.0    990.0   -188.0     -7.0     -5.0      0.0
5969620.0    -79.0    980.0   -170.0    -12.0     -9.0     -3.0
6075376.0    -86.0   1010.0   -169.0     -6.0     -1.0      1.0
6181112.0    -79.0    979.0   -169.0     -4.0      1.0      0.0
6286884.0    -82.0    999.0   -148.0     -8.0     -4.0     -1.0
6392660.0    -83.0    997.0   -136.0     -2.0      3.0     -1.0
6498336.0    -76.0    984.0   -142.0     -1.0      0.0      0.0
6604072.0    -97.0    990.0   -147.0     -5.0      0.0     -2.0
6709784.0    -83.0    994.0   -151.0     -3.0      0.0     -1.0
6817872.0    -77.0    998.0   -129.0     -1.0      0.0     -2.0
6923592.0    -94.0    993.0   -131.0     -2.0      0.0     -2.0
7029328.0    -70.0   1006.0   -153.0     -1.0     -2.0     -1.0
7135080.0    -82.0   1001.0   -133.0     -1.0     -2.0     -2.0
7240792.0    -91.0    996.0   -133.0     -3.0      0.0     -1.0
7346524.0    -79.0    992.0   -145.0     -5.0     -1.0      0.0
7452272.0    -91.0    992.0   -128.0     -2.0     -1.0     -2.0
7558020.0    -86.0    999.0   -115.0     -2.0      0.0     -2.0
7666604.0    -89.0   1002.0   -139.0     -2.0      3.0      1.0
7772384.0    -87.0    992.0   -133.0     -5.0      2.0     -2.0
7878116.0    -85.0    999.0   -126.0     -3.0      0.0     -2.0
7983864.0    -77.0    994.0   -133.0     -4.0      1.0     -1.0
8089584.0    -66.0   1010.0   -171.0     -2.0      5.0      0.0
8195376.0    -91.0    995.0   -112.0     -4.0      6.0     -1.0
8301172.0    -75.0   1001.0   -104.0     -5.0     25.0    -11.0
8409564.0    -92.0   1017.0    -84.0     -6.0     23.0     -2.0
8515332.0    -85.0   1002.0   -131.0     -2.0     21.0     -6.0
8621088.0    -94.0   1002.0   -117.0    -10.0     35.0     -7.0
8726836.0    -92.0   1016.0   -113.0     -5.0     33.0     -1.0
8832628.0    -33.0   1005.0   -126.0     -9.0     42.0    -15.0
8938404.0   -143.0    988.0    -95.0     -2.0     67.0     -2.0
9044196.0   -117.0   1031.0    -32.0     -9.0     69.0    -10.0
9149972.0   -125.0    938.0   -111.0    -11.0     60.0    -15.0
9258340.0    -81.0   1017.0   -168.0     -9.0     76.0      8.0
9364104.0     12.0   1012.0   -129.0    -22.0     42.0    -14.0
9469880.0    -59.0    979.0    -48.0    -24.0     67.0     -3.0
9575656.0   -145.0    985.0     -1.0    -21.0     82.0    -33.0
9681436.0    -47.0   1018.0    -21.0    -11.0     84.0     30.0
9787212.0     -7.0   1017.0    -39.0      7.0     71.0     16.0
9892992.0    -36.0   1001.0    -44.0      9.0     44.0     15.0
9998772.0    154.0   1018.0   -101.0      5.0     20.0     12.0
10107180.0    109.0   1034.0    -91.0      5.0      3.0    -10.0
10213600.0     55.0   1008.0    -76.0      3.0    -18.0    -15.0
10319992.0      6.0   1018.0    -69.0     -7.0     -5.0     -1.0
10426420.0     29.0   1039.0    -78.0    -15.0    -18.0      2.0
10532828.0     69.0   1016.0    -38.0    -15.0      6.0      8.0
10639416.0     30.0    982.0      6.0     -6.0     -8.0      5.0
10745836.0     42.0    984.0     13.0     -3.0    -10.0     11.0
10852236.0     78.0    997.0    -38.0     -8.0     -2.0      1.0
10961248.0     92.0    999.0     28.0     -7.0      1.0     -3.0
11067660.0     99.0    996.0     26.0     -1.0     -3.0     -6.0
11174048.0     64.0   1006.0     25.0     -1.0     -4.0     -5.0
11280372.0     51.0    981.0     18.0      0.0     -1.0      2.0
11386720.0     55.0   1017.0    -16.0      1.0      0.0     -3.0
11493080.0     81.0   1008.0     18.0      0.0      4.0     -2.0
11599488.0     59.0   1012.0      9.0     -1.0      6.0     -4.0
11705820.0     55.0    999.0     -5.0      0.0      0.0     -4.0
11814776.0     55.0   1016.0    -13.0      0.0      1.0     -5.0
11921116.0     47.0   1012.0     -5.0     -3.0      0.0     -6.0
12027512.0     35.0    997.0      3.0     -1.0     -3.0     -3.0
12133856.0     23.0    997.0    -12.0      0.0     -1.0     -5.0
12240184.0     31.0   1002.0     -3.0     -1.0      0.0     -5.0
12346576.0     20.0   1001.0     -3.0     -6.0     -4.0     -6.0
12452956.0     32.0   1003.0     -4.0     -2.0     -2.0     -1.0
12561920.0     32.0   1011.0    -12.0     -1.0      1.0      1.0
12668300.0     14.0   1015.0    -14.0     -2.0     -1.0     -3.0
12774648.0     15.0   1007.0     -9.0     -2.0     -1.0      0.0
12881016.0      7.0   1001.0      1.0     -2.0     -1.0     -2.0
12987388.0     14.0   1015.0     -2.0     -2.0     -2.0      1.0
13093768.0     24.0   1023.0    -20.0     -1.0     -1.0     -2.0
13200088.0     18.0   1006.0     -9.0      0.0     -1.0     -1.0
13306468.0     18.0    995.0     -4.0     -2.0     -1.0     -1.0
13415372.0     26.0   1030.0    -21.0     -2.0     -2.0     -4.0
13521744.0     20.0   1016.0    -27.0      1.0      1.0      2.0
13628088.0      2.0   1006.0    -18.0     -2.0      0.0     -3.0
13734336.0      0.0   1014.0    -10.0     -1.0      0.0      0.0
13840704.0      3.0    993.0    -24.0     -3.0     -2.0      0.0
13946992.0     13.0   1020.0    -26.0      0.0      0.0     -1.0
14053328.0     20.0   1004.0    -22.0     -3.0      0.0     -1.0
14159704.0     15.0   1014.0    -18.0     -2.0     -1.0     -2.0
14268864.0     12.0   1021.0    -32.0      0.0      1.0     -3.0
14375248.0      9.0   1024.0    -29.0     -1.0     -1.0     -2.0
14481592.0      9.0    996.0    -25.0      0.0     -1.0     -3.0
14587952.0     -3.0   1011.0    -16.0     -2.0      0.0     -3.0
14694324.0    -19.0   1019.0    -29.0     -3.0      0.0      2.0
14800724.0     16.0   1012.0    -17.0     -3.0     -2.0     -3.0
14907120.0    -18.0   1010.0    -22.0     -3.0      2.0      2.0
15013452.0    -10.0   1004.0    -21.0     -1.0      0.0     -1.0
15122396.0      1.0   1015.0    -31.0     -3.0     -2.0      0.0
15228784.0      3.0    996.0    -21.0     -3.0     -1.0      2.0
15335128.0      3.0   1006.0    -24.0      0.0      1.0      1.0
15441500.0      4.0   1032.0    -25.0     -1.0     -2.0     -1.0
15547880.0     12.0   1014.0    -27.0     -2.0     -1.0     -1.0
15654228.0      0.0   1003.0     -7.0     -1.0     -1.0      2.0
15760600.0     16.0   1006.0    -24.0     -1.0     -2.0     -1.0
15869588.0     12.0   1010.0    -17.0     -3.0     -2.0      0.0
15975920.0     12.0   1004.0    -28.0     -2.0      1.0      0.0
16082256.0     12.0   1008.0    -22.0      0.0      1.0      1.0
16188588.0     10.0   1010.0    -16.0     -2.0      0.0     -2.0
16294952.0      9.0   1011.0    -30.0     -2.0      1.0     -2.0
16401328.0      6.0   1023.0    -30.0     -2.0      1.0     -2.0
16507628.0     19.0   1005.0    -21.0     -1.0      0.0      0.0
16613996.0      9.0   1016.0    -26.0     -3.0     -1.0     -1.0
16722912.0      3.0   1007.0    -33.0     -2.0      0.0      0.0
16829292.0     11.0   1001.0    -20.0     -1.0     -3.0     -1.0
16935700.0     -6.0    995.0    -12.0     -2.0     -2.0     -1.0
17042076.0     12.0   1011.0    -25.0     -1.0     -1.0     -1.0
17148436.0     16.0   1009.0    -22.0     -3.0      0.0     -2.0
17254788.0     -8.0   1008.0    -14.0     -1.0     -2.0      0.0
17361128.0     16.0   1000.0    -20.0     -1.0      0.0     -2.0
17467436.0      5.0   1002.0    -23.0     -2.0      0.0      0.0
17581472.0      3.0   1007.0    -21.0     -2.0     -1.0     -1.0
17687804.0      8.0   1000.0    -22.0     -1.0     -2.0      0.0
17794164.0      8.0   1006.0    -18.0     -3.0      0.0     -2.0
17900468.0     -6.0   1006.0    -27.0     -2.0      0.0      0.0
18006812.0      7.0   1017.0    -22.0     -1.0      0.0     -2.0
18113228.0     19.0   1009.0    -24.0     -2.0     -1.0     -2.0
18219568.0      6.0   1009.0    -28.0     -2.0      0.0     -1.0
18325912.0      2.0   1011.0    -19.0     -3.0      0.0     -2.0
18434892.0      1.0   1000.0    -21.0     -2.0     -2.0     -1.0
18541284.0     17.0   1002.0    -22.0     -2.0     -2.0     -1.0
18647656.0      8.0   1011.0    -42.0     -3.0     -2.0     -1.0
18754024.0      3.0    995.0    -16.0     -2.0     -1.0      0.0
18860344.0      3.0    999.0    -20.0     -1.0      0.0      1.0
18966756.0      8.0   1012.0    -18.0     -2.0     -1.0     -2.0
19073112.0      5.0   1008.0    -36.0     -2.0     -2.0      0.0
19179444.0      8.0   1016.0    -30.0      2.0      0.0     -2.0
19288420.0     23.0   1004.0    -25.0     -1.0     -1.0     -1.0
19394728.0      0.0   1012.0    -31.0     -3.0      0.0     -1.0
19501016.0      4.0   1004.0    -29.0      0.0      0.0     -1.0
19607328.0      1.0   1003.0    -25.0     -1.0      0.0     -1.0
19713696.0      8.0   1016.0    -29.0     -2.0      0.0     -2.0
19820044.0      7.0   1001.0    -20.0     -3.0      0.0     -1.0
19926384.0     -1.0   1012.0    -37.0     -2.0      0.0     -1.0
