4944.000000 0.000000 91.000000 958.000000 0.000000 0.000000 0.000000
136820.000000 0.000000 92.000000 991.000000 0.000000 0.000000 0.000000
242512.000000 0.000000 92.000000 995.000000 0.000000 0.000000 0.000000
348248.000000 0.000000 92.000000 996.000000 0.000000 0.000000 0.000000
453996.000000 0.000000 93.000000 1002.000000 0.000000 0.000000 0.000000
559724.000000 0.000000 93.000000 1002.000000 0.000000 0.000000 0.000000
665404.000000 0.000000 93.000000 1003.000000 0.000000 0.000000 0.000000
771136.000000 0.000000 100.000000 1003.000000 0.000000 0.000000 0.000000
876880.000000 0.000000 97.000000 1002.000000 0.000000 0.000000 0.000000
985224.000000 0.000000 97.000000 1002.000000 0.000000 0.000000 0.000000
1090932.000000 0.000000 97.000000 1003.000000 0.000000 0.000000 0.000000
1196600.000000 0.000000 96.000000 1004.000000 0.000000 0.000000 0.000000
1302340.000000 0.000000 96.000000 1010.000000 0.000000 0.000000 0.000000
1408076.000000 0.000000 97.000000 1010.000000 0.000000 0.000000 0.000000
1513848.000000 0.000000 98.000000 1013.000000 0.000000 0.000000 0.000000
1619556.000000 0.000000 97.000000 1010.000000 0.000000 0.000000 0.000000
1727728.000000 0.000000 98.000000 1010.000000 0.000000 0.000000 0.000000
1833488.000000 0.000000 98.000000 1009.000000 0.000000 0.000000 0.000000
1939252.000000 0.000000 98.000000 1007.000000 0.000000 0.000000 0.000000
2044952.000000 0.000000 98.000000 1009.000000 0.000000 0.000000 0.000000
2150688.000000 0.000000 98.000000 1011.000000 0.000000 0.000000 0.000000
2256432.000000 0.000000 98.000000 1010.000000 0.000000 0.000000 0.000000
2362172.000000 0.000000 98.000000 1009.000000 0.000000 0.000000 0.000000
2467884.000000 0.000000 98.000000 1009.000000 0.000000 0.000000 0.000000
2576080.000000 0.000000 98.000000 1007.000000 0.000000 0.000000 0.000000
2681824.000000 0.000000 98.000000 1007.000000 0.000000 0.000000 0.000000
2787536.000000 0.000000 98.000000 1007.000000 0.000000 0.000000 0.000000
2893228.000000 0.000000 98.000000 1007.000000 0.000000 0.000000 0.000000
2998964.000000 0.000000 97.000000 1010.000000 0.000000 0.000000 0.000000
3104664.000000 0.000000 97.000000 1011.000000 0.000000 0.000000 0.000000
3210384.000000 0.000000 95.000000 1010.000000 0.000000 0.000000 0.000000
3316148.000000 0.000000 95.000000 1007.000000 0.000000 0.000000 0.000000
3424260.000000 0.000000 97.000000 1007.000000 0.000000 0.000000 0.000000
3530028.000000 0.000000 98.000000 1015.000000 0.000000 0.000000 0.000000
3635712.000000 0.000000 98.000000 1008.000000 0.000000 0.000000 0.000000
3741456.000000 0.000000 98.000000 1008.000000 0.000000 0.000000 0.000000
3847152.000000 0.000000 98.000000 1006.000000 0.000000 0.000000 0.000000
3952852.000000 0.000000 99.000000 1006.000000 0.000000 0.000000 0.000000
4058560.000000 0.000000 99.000000 1006.000000 0.000000 0.000000 0.000000
4164276.000000 0.000000 99.000000 1006.000000 0.000000 0.000000 0.000000
4272452.000000 0.000000 119.000000 1003.000000 0.000000 0.000000 0.000000
4378208.000000 0.000000 172.000000 1003.000000 33.000000 0.000000 0.000000
4483980.000000 0.000000 268.000000 983.000000 34.000000 0.000000 0.000000
4589748.000000 0.000000 341.000000 936.000000 65.000000 0.000000 0.000000
4695508.000000 0.000000 465.000000 914.000000 67.000000 0.000000 0.000000
4801300.000000 0.000000 566.000000 844.000000 67.000000 0.000000 0.000000
4907060.000000 0.000000 669.000000 765.000000 67.000000 0.000000 0.000000
5012820.000000 -74.000000 771.000000 676.000000 67.000000 0.000000 0.000000
5121032.000000 -74.000000 864.000000 562.000000 67.000000 0.000000 0.000000
5226816.000000 -74.000000 896.000000 398.000000 65.000000 0.000000 0.000000
5332596.000000 -75.000000 964.000000 285.000000 64.000000 0.000000 0.000000
5438356.000000 -75.000000 976.000000 146.000000 64.000000 0.000000 0.000000
5544064.000000 -75.000000 980.000000 0.000000 64.000000 0.000000 0.000000
5649844.000000 -79.000000 980.000000 -64.000000 55.000000 0.000000 0.000000
5755628.000000 -79.000000 982.000000 -148.000000 0.000000 0.000000 0.000000
5861380.000000 -79.000000 987.000000 -148.000000 0.000000 0.000000 0.000000
5969620.000000 -79.000000 987.000000 -148.000000 0.000000 0.000000 0.000000
6075376.000000 -80.000000 990.000000 -148.000000 0.000000 0.000000 0.000000
6181112.000000 -80.000000 990.000000 -151.000000 0.000000 0.000000 0.000000
6286884.000000 -80.000000 990.000000 -151.000000 0.000000 0.000000 0.000000
6392660.000000 -82.000000 993.000000 -148.000000 0.000000 0.000000 0.000000
6498336.000000 -82.000000 994.000000 -148.000000 0.000000 0.000000 0.000000
6604072.000000 -82.000000 997.000000 -147.000000 0.000000 0.000000 0.000000
6709784.000000 -82.000000 996.000000 -142.000000 0.000000 0.000000 0.000000
6817872.000000 -82.000000 996.000000 -142.000000 0.000000 0.000000 0.000000
6923592.000000 -83.000000 994.000000 -136.000000 0.000000 0.000000 0.000000
7029328.000000 -83.000000 994.000000 -133.000000 0.000000 0.000000 0.000000
7135080.000000 -86.000000 996.000000 -133.000000 0.000000 0.000000 0.000000
7240792.000000 -86.000000 996.000000 -133.000000 0.000000 0.000000 0.000000
7346524.000000 -86.000000 998.000000 -133.000000 0.000000 0.000000 0.000000
7452272.000000 -86.000000 996.000000 -133.000000 0.000000 0.000000 0.000000
7558020.000000 -85.000000 999.000000 -133.000000 0.000000 0.000000 0.000000
7666604.000000 -86.000000 996.000000 -133.000000 0.000000 0.000000 0.000000
7772384.000000 -86.000000 996.000000 -133.000000 0.000000 0.000000 0.000000
7878116.000000 -86.000000 999.000000 -128.000000 0.000000 0.000000 0.000000
7983864.000000 -86.000000 999.000000 -128.000000 0.000000 0.000000 0.000000
8089584.000000 -86.000000 1001.000000 -126.000000 0.000000 0.000000 0.000000
8195376.000000 -87.000000 1002.000000 -126.000000 0.000000 0.000000 0.000000
8301172.000000 -85.000000 1002.000000 -126.000000 0.000000 0.000000 0.000000
8409564.000000 -85.000000 1002.000000 -117.000000 0.000000 23.000000 0.000000
8515332.000000 -91.000000 1002.000000 -113.000000 0.000000 25.000000 0.000000
8621088.000000 -92.000000 1002.000000 -112.000000 0.000000 33.000000 0.000000
8726836.000000 -92.000000 1002.000000 -112.000000 0.000000 35.000000 0.000000
8832628.000000 -92.000000 1005.000000 -113.000000 0.000000 42.000000 0.000000
8938404.000000 -92.000000 1005.000000 -113.000000 0.000000 42.000000 0.000000
9044196.000000 -92.000000 1002.000000 -113.000000 0.000000 60.000000 0.000000
9149972.000000 -92.000000 1005.000000 -111.000000 0.000000 67.000000 0.000000
9258340.000000 -81.000000 1012.000000 -95.000000 0.000000 67.000000 0.000000
9364104.000000 0.000000 1005.000000 0.000000 0.000000 67.000000 0.000000
9469880.000000 0.000000 1012.000000 0.000000 0.000000 67.000000 0.000000
9575656.000000 0.000000 1017.000000 0.000000 0.000000 67.000000 0.000000
9681436.000000 0.000000 1012.000000 -76.000000 0.000000 60.000000 0.000000
9787212.000000 0.000000 1017.000000 -69.000000 0.000000 44.000000 0.000000
9892992.000000 0.000000 1017.000000 -69.000000 0.000000 42.000000 0.000000
9998772.000000 0.000000 1017.000000 0.000000 0.000000 0.000000 0.000000
10107180.000000 0.000000 1017.000000 0.000000 0.000000 0.000000 0.000000
10213600.000000 0.000000 1017.000000 0.000000 0.000000 0.000000 0.000000
10319992.000000 0.000000 1016.000000 0.000000 0.000000 0.000000 0.000000
10426420.000000 0.000000 1008.000000 0.000000 0.000000 0.000000 0.000000
10532828.000000 69.000000 1008.000000 0.000000 0.000000 0.000000 0.000000
10639416.000000 64.000000 1006.000000 0.000000 0.000000 0.000000 0.000000
10745836.000000 0.000000 999.000000 0.000000 0.000000 0.000000 0.000000
10852236.000000 0.000000 999.000000 0.000000 0.000000 0.000000 0.000000
10961248.000000 64.000000 999.000000 0.000000 0.000000 0.000000 0.000000
11067660.000000 64.000000 999.000000 0.000000 0.000000 0.000000 0.000000
11174048.000000 0.000000 999.000000 0.000000 0.000000 0.000000 0.000000
11280372.000000 0.000000 999.000000 0.000000 0.000000 0.000000 0.000000
11386720.000000 0.000000 1006.000000 0.000000 0.000000 0.000000 0.000000
11493080.000000 0.000000 1006.000000 0.000000 0.000000 0.000000 0.000000
11599488.000000 0.000000 1006.000000 0.000000 0.000000 0.000000 0.000000
11705820.000000 0.000000 1006.000000 0.000000 0.000000 0.000000 0.000000
11814776.000000 0.000000 1002.000000 0.000000 0.000000 0.000000 0.000000
11921116.000000 0.000000 1003.000000 0.000000 0.000000 0.000000 0.000000
12027512.000000 0.000000 1003.000000 0.000000 0.000000 0.000000 0.000000
12133856.000000 0.000000 1003.000000 0.000000 0.000000 0.000000 0.000000
12240184.000000 0.000000 1003.000000 0.000000 0.000000 0.000000 0.000000
12346576.000000 0.000000 1003.000000 0.000000 0.000000 0.000000 0.000000
12452956.000000 0.000000 1003.000000 0.000000 0.000000 0.000000 0.000000
12561920.000000 0.000000 1003.000000 0.000000 0.000000 0.000000 0.000000
12668300.000000 0.000000 1006.000000 0.000000 0.000000 0.000000 0.000000
12774648.000000 0.000000 1006.000000 0.000000 0.000000 0.000000 0.000000
12881016.000000 0.000000 1007.000000 0.000000 0.000000 0.000000 0.000000
12987388.000000 0.000000 1011.000000 0.000000 0.000000 0.000000 0.000000
13093768.000000 0.000000 1011.000000 0.000000 0.000000 0.000000 0.000000
13200088.000000 0.000000 1014.000000 0.000000 0.000000 0.000000 0.000000
13306468.000000 0.000000 1007.000000 0.000000 0.000000 0.000000 0.000000
13415372.000000 0.000000 1014.000000 0.000000 0.000000 0.000000 0.000000
13521744.000000 0.000000 1014.000000 0.000000 0.000000 0.000000 0.000000
13628088.000000 0.000000 1014.000000 0.000000 0.000000 0.000000 0.000000
13734336.000000 0.000000 1014.000000 0.000000 0.000000 0.000000 0.000000
13840704.000000 0.000000 1014.000000 0.000000 0.000000 0.000000 0.000000
13946992.000000 0.000000 1014.000000 0.000000 0.000000 0.000000 0.000000
14053328.000000 0.000000 1014.000000 0.000000 0.000000 0.000000 0.000000
14159704.000000 0.000000 1014.000000 0.000000 0.000000 0.000000 0.000000
14268864.000000 0.000000 1014.000000 0.000000 0.000000 0.000000 0.000000
14375248.000000 0.000000 1012.000000 0.000000 0.000000 0.000000 0.000000
14481592.000000 0.000000 1012.000000 0.000000 0.000000 0.000000 0.000000
14587952.000000 0.000000 1012.000000 0.000000 0.000000 0.000000 0.000000
14694324.000000 0.000000 1012.000000 0.000000 0.000000 0.000000 0.000000
14800724.000000 0.000000 1011.000000 0.000000 0.000000 0.000000 0.000000
14907120.000000 0.000000 1011.000000 0.000000 0.000000 0.000000 0.000000
15013452.000000 0.000000 1011.000000 0.000000 0.000000 0.000000 0.000000
15122396.000000 0.000000 1011.000000 0.000000 0.000000 0.000000 0.000000
15228784.000000 0.000000 1010.000000 0.000000 0.000000 0.000000 0.000000
15335128.000000 0.000000 1010.000000 0.000000 0.000000 0.000000 0.000000
15441500.000000 0.000000 1006.000000 0.000000 0.000000 0.000000 0.000000
15547880.000000 0.000000 1006.000000 0.000000 0.000000 0.000000 0.000000
15654228.000000 0.000000 1008.000000 0.000000 0.000000 0.000000 0.000000
15760600.000000 0.000000 1008.000000 0.000000 0.000000 0.000000 0.000000
15869588.000000 0.000000 1010.000000 0.000000 0.000000 0.000000 0.000000
15975920.000000 0.000000 1010.000000 0.000000 0.000000 0.000000 0.000000
16082256.000000 0.000000 1010.000000 0.000000 0.000000 0.000000 0.000000
16188588.000000 0.000000 1008.000000 0.000000 0.000000 0.000000 0.000000
16294952.000000 0.000000 1008.000000 0.000000 0.000000 0.000000 0.000000
16401328.000000 0.000000 1008.000000 0.000000 0.000000 0.000000 0.000000
16507628.000000 0.000000 1008.000000 0.000000 0.000000 0.000000 0.000000
16613996.000000 0.000000 1009.000000 0.000000 0.000000 0.000000 0.000000
16722912.000000 0.000000 1009.000000 0.000000 0.000000 0.000000 0.000000
16829292.000000 0.000000 1008.000000 0.000000 0.000000 0.000000 0.000000
16935700.000000 0.000000 1007.000000 0.000000 0.000000 0.000000 0.000000
17042076.000000 0.000000 1007.000000 0.000000 0.000000 0.000000 0.000000
17148436.000000 0.000000 1007.000000 0.000000 0.000000 0.000000 0.000000
17254788.000000 0.000000 1006.000000 0.000000 0.000000 0.000000 0.000000
17361128.000000 0.000000 1006.000000 0.000000 0.000000 0.000000 0.000000
17467436.000000 0.000000 1006.000000 0.000000 0.000000 0.000000 0.000000
17581472.000000 0.000000 1007.000000 0.000000 0.000000 0.000000 0.000000
17687804.000000 0.000000 1007.000000 0.000000 0.000000 0.000000 0.000000
17794164.000000 0.000000 1007.000000 0.000000 0.000000 0.000000 0.000000
17900468.000000 0.000000 1006.000000 0.000000 0.000000 0.000000 0.000000
18006812.000000 0.000000 1006.000000 0.000000 0.000000 0.000000 0.000000
18113228.000000 0.000000 1007.000000 0.000000 0.000000 0.000000 0.000000
18219568.000000 0.000000 1006.000000 0.000000 0.000000 0.000000 0.000000
18325912.000000 0.000000 1006.000000 0.000000 0.000000 0.000000 0.000000
18434892.000000 0.000000 1009.000000 0.000000 0.000000 0.000000 0.000000
18541284.000000 0.000000 1009.000000 0.000000 0.000000 0.000000 0.000000
18647656.000000 0.000000 1009.000000 0.000000 0.000000 0.000000 0.000000
18754024.000000 0.000000 1008.000000 0.000000 0.000000 0.000000 0.000000
18860344.000000 0.000000 1008.000000 0.000000 0.000000 0.000000 0.000000
18966756.000000 0.000000 1004.000000 0.000000 0.000000 0.000000 0.000000
19073112.000000 0.000000 1004.000000 0.000000 0.000000 0.000000 0.000000
19179444.000000 0.000000 1008.000000 0.000000 0.000000 0.000000 0.000000
19288420.000000 0.000000 1004.000000 0.000000 0.000000 0.000000 0.000000
19394728.000000 0.000000 1008.000000 0.000000 0.000000 0.000000 0.000000
19501016.000000 0.000000 1008.000000 0.000000 0.000000 0.000000 0.000000
19607328.000000 0.000000 1004.000000 0.000000 0.000000 0.000000 0.000000
19713696.000000 0.000000 1004.000000 0.000000 0.000000 0.000000 0.000000
19820044.000000 0.000000 1003.000000 0.000000 0.000000 0.000000 0.000000
19926384.000000 0.000000 1001.000000 0.000000 0.000000 0.000000 0.000000
